0.01    -2.1860        
0.02    -2.1466        
0.03    -2.1076        
0.04    -2.0690        
0.05    -2.0308        
0.06    -1.9930        
0.07    -1.9556        
0.08    -1.9186        
0.09    -1.8820        
0.10    -1.8458        
0.11    -1.8100        
0.12    -1.7746        
0.13    -1.7396        
0.14    -1.7050        
0.15    -1.6708        
0.16    -1.6370        
0.17    -1.6036        
0.18    -1.5706        
0.19    -1.5380        
0.20    -1.5058        
0.21    -1.4740        
0.22    -1.4426        
0.23    -1.4116        
0.24    -1.3810        
0.25    -1.3508        
0.26    -1.3210        
0.27    -1.2916        
0.28    -1.2626        
0.29    -1.2340        
0.30    -1.2058        
0.31    -1.1780        
0.32    -1.1506        
0.33    -1.1236        
0.34    -1.0970        
0.35    -1.0708        
0.36    -1.0450        
0.37    -1.0196        
0.38    -0.9946        
0.39    -0.9700        
0.40    -0.9458        
0.41    -0.9220        
0.42    -0.8986        
0.43    -0.8756        
0.44    -0.8530        
0.45    -0.8308        
0.46    -0.8090        
0.47    -0.7876        
0.48    -0.7666        
0.49    -0.7460        
0.50    -0.7258        
0.51    -0.7060        
0.52    -0.6866        
0.53    -0.6676        
0.54    -0.6490        
0.55    -0.6308        
0.56    -0.6130        
0.57    -0.5956        
0.58    -0.5786        
0.59    -0.5620        
0.60    -0.5458        
0.61    -0.5300        
0.62    -0.5146        
0.63    -0.4996        
0.64    -0.4850        
0.65    -0.4708        
0.66    -0.4570        
0.67    -0.4436        
0.68    -0.4306        
0.69    -0.4180        
0.70    -0.4058        
0.71    -0.3940        
0.72    -0.3826        
0.73    -0.3716        
0.74    -0.3610        
0.75    -0.3508        
0.76    -0.3410        
0.77    -0.3316        
0.78    -0.3226        
0.79    -0.3140        
0.80    -0.3058        
0.81    -0.2980        
0.82    -0.2906        
0.83    -0.2836        
0.84    -0.2770        
0.85    -0.2708        
0.86    -0.2650        
0.87    -0.2596        
0.88    -0.2546        
0.89    -0.2500        
0.90    -0.2458        
0.91    -0.2420        
0.92    -0.2386        
0.93    -0.2356        
0.94    -0.2330        
0.95    -0.2308        
0.96    -0.2290        
0.97    -0.2276        
0.98    -0.2266        
0.99    -0.2260        
1.00    -0.2258        
1.01    -0.2260        
1.02    -0.2266        
1.03    -0.2276        
1.04    -0.2290        
1.05    -0.2308        
1.06    -0.2330        
1.07    -0.2356        
1.08    -0.2386        
1.09    -0.2420        
1.10    -0.2458        
1.11    -0.2500        
1.12    -0.2546        
1.13    -0.2596        
1.14    -0.2650        
1.15    -0.2708        
1.16    -0.2770        
1.17    -0.2836        
1.18    -0.2906        
1.19    -0.2980        
1.20    -0.3058        
1.21    -0.3140        
1.22    -0.3226        
1.23    -0.3316        
1.24    -0.3410        
1.25    -0.3508        
1.26    -0.3610        
1.27    -0.3716        
1.28    -0.3826        
1.29    -0.3940        
1.30    -0.4058        
1.31    -0.4180        
1.32    -0.4306        
1.33    -0.4436        
1.34    -0.4570        
1.35    -0.4708        
1.36    -0.4850        
1.37    -0.4996        
1.38    -0.5146        
1.39    -0.5300        
1.40    -0.5458        
1.41    -0.5620        
1.42    -0.5786        
1.43    -0.5956        
1.44    -0.6130        
1.45    -0.6308        
1.46    -0.6490        
1.47    -0.6676        
1.48    -0.6866        
1.49    -0.7060        
1.50    -0.7258        
1.51    -0.7460        
1.52    -0.7666        
1.53    -0.7876        
1.54    -0.8090        
1.55    -0.8308        
1.56    -0.8530        
1.57    -0.8756        
1.58    -0.8986        
1.59    -0.9220        
1.60    -0.9458        
1.61    -0.9700        
1.62    -0.9946        
1.63    -1.0196        
1.64    -1.0450        
1.65    -1.0708        
1.66    -1.0970        
1.67    -1.1236        
1.68    -1.1506        
1.69    -1.1780        
1.70    -1.2058        
1.71    -1.2340        
1.72    -1.2626        
1.73    -1.2916        
1.74    -1.3210        
1.75    -1.3508        
1.76    -1.3810        
1.77    -1.4116        
1.78    -1.4426        
1.79    -1.4740        
1.80    -1.5058        
1.81    -1.5380        
1.82    -1.5706        
1.83    -1.6036        
1.84    -1.6370        
1.85    -1.6708        
1.86    -1.7050        
1.87    -1.7396        
1.88    -1.7746        
1.89    -1.8100        
1.90    -1.8458        
1.91    -1.8820        
1.92    -1.9186        
1.93    -1.9556        
1.94    -1.9930        
1.95    -2.0308        
1.96    -2.0690        
1.97    -2.1076        
1.98    -2.1466        
1.99    -2.1860        
2.00    -2.2258        
2.01    -2.2660        
2.02    -2.3066        
2.03    -2.3476        
2.04    -2.3890        
2.05    -2.4308        
2.06    -2.4730        
2.07    -2.5156        
2.08    -2.5586        
2.09    -2.6020        
2.10    -2.6458        
2.11    -2.6900        
2.12    -2.7346        
2.13    -2.7796        
2.14    -2.8250        
2.15    -2.8708        
2.16    -2.9170        
2.17    -2.9636        
2.18    -3.0106        
2.19    -3.0580        
2.20    -3.1058        
2.21    -3.1540        
2.22    -3.2026        
2.23    -3.2516        
2.24    -3.3010        
2.25    -3.3508        
2.26    -3.4010        
2.27    -3.4516        
2.28    -3.5026        
2.29    -3.5540        
2.30    -3.6058        
2.31    -3.6580        
2.32    -3.7106        
2.33    -3.7636        
2.34    -3.8170        
2.35    -3.8708        
2.36    -3.9250        
2.37    -3.9796        
2.38    -4.0346        
2.39    -4.0900        
2.40    -4.1458        
2.41    -4.2020        
2.42    -4.2586        
2.43    -4.3156        
2.44    -4.3730        
2.45    -4.4308        
2.46    -4.4890        
2.47    -4.5476        
2.48    -4.6066        
2.49    -4.6660        
2.50    -4.7258        
2.51    -4.7860        
2.52    -4.8466        
2.53    -4.9076        
2.54    -4.9690        
2.55    -5.0308        
2.56    -5.0930        
2.57    -5.1556        
2.58    -5.2186        
2.59    -5.2820        
2.60    -5.3458        
2.61    -5.4100        
2.62    -5.4746        
2.63    -5.5396        
2.64    -5.6050        
2.65    -5.6708        
2.66    -5.7370        
2.67    -5.8036        
2.68    -5.8706        
2.69    -5.9380        
2.70    -6.0058        
2.71    -6.0740        
2.72    -6.1426        
2.73    -6.2116        
2.74    -6.2810        
2.75    -6.3508        
2.76    -6.4210        
2.77    -6.4916        
2.78    -6.5626        
2.79    -6.6340        
2.80    -6.7058        
2.81    -6.7780        
2.82    -6.8506        
2.83    -6.9236        
2.84    -6.9970        
2.85    -7.0708        
2.86    -7.1450        
2.87    -7.2196        
2.88    -7.2946        
2.89    -7.3700        
2.90    -7.4458        
2.91    -7.5220        
2.92    -7.5986        
2.93    -7.6756        
2.94    -7.7530        
2.95    -7.8308        
2.96    -7.9090        
2.97    -7.9876        
2.98    -8.0666        
2.99    -8.1460        
3.00    -8.2258        
3.01    -8.3060        
3.02    -8.3866        
3.03    -8.4676        
3.04    -8.5490        
3.05    -8.6308        
3.06    -8.7130        
3.07    -8.7956        
3.08    -8.8786        
3.09    -8.9620        
3.10    -9.0458        
3.11    -9.1300        
3.12    -9.2146        
3.13    -9.2996        
3.14    -9.3850        
3.15    -9.4708        
3.16    -9.5570        
3.17    -9.6436        
3.18    -9.7306        
3.19    -9.8180        
3.20    -9.9058        
3.21    -9.9940        
3.22    -10.0826       
3.23    -10.1716       
3.24    -10.2610       
3.25    -10.3508       
3.26    -10.4410       
3.27    -10.5316       
3.28    -10.6226       
3.29    -10.7140       
3.30    -10.8058       
3.31    -10.8980       
3.32    -10.9906       
3.33    -11.0836       
3.34    -11.1770       
3.35    -11.2708       
3.36    -11.3650       
3.37    -11.4596       
3.38    -11.5546       
3.39    -11.6500       
3.40    -11.7458       
3.41    -11.8420       
3.42    -11.9386       
3.43    -12.0356       
3.44    -12.1330       
3.45    -12.2308       
3.46    -12.3290       
3.47    -12.4276       
3.48    -12.5266       
3.49    -12.6260       
3.50    -12.7258       
3.51    -12.8260       
3.52    -12.9266       
3.53    -13.0276       
3.54    -13.1290       
3.55    -13.2308       
3.56    -13.3330       
3.57    -13.4356       
3.58    -13.5386       
3.59    -13.6420       
3.60    -13.7458       
3.61    -13.8500       
3.62    -13.9546       
3.63    -14.0596       
3.64    -14.1650       
3.65    -14.2708       
3.66    -14.3770       
3.67    -14.4836       
3.68    -14.5906       
3.69    -14.6980       
3.70    -14.8058       
3.71    -14.9140       
3.72    -15.0226       
3.73    -15.1316       
3.74    -15.2410       
3.75    -15.3508       
3.76    -15.4610       
3.77    -15.5716       
3.78    -15.6826       
3.79    -15.7940       
3.80    -15.9058       
3.81    -16.0180       
3.82    -16.1306       
3.83    -16.2436       
3.84    -16.3570       
3.85    -16.4708       
3.86    -16.5850       
3.87    -16.6996       
3.88    -16.8146       
3.89    -16.9300       
3.90    -17.0458       
3.91    -17.1620       
3.92    -17.2786       
3.93    -17.3956       
3.94    -17.5130       
3.95    -17.6308       
3.96    -17.7490       
3.97    -17.8676       
3.98    -17.9866       
3.99    -18.1060       
4.00    -18.2258       
4.01    -18.3460       
4.02    -18.4666       
4.03    -18.5876       
4.04    -18.7090       
4.05    -18.8308       
4.06    -18.9530       
4.07    -19.0756       
4.08    -19.1986       
4.09    -19.3220       
4.10    -19.4458       
4.11    -19.5700       
4.12    -19.6946       
4.13    -19.8196       
4.14    -19.9450       
4.15    -20.0708       
4.16    -20.1970       
4.17    -20.3236       
4.18    -20.4506       
4.19    -20.5780       
4.20    -20.7058       
4.21    -20.8340       
4.22    -20.9626       
4.23    -21.0916       
4.24    -21.2210       
4.25    -21.3508       
4.26    -21.4810       
4.27    -21.6116       
4.28    -21.7426       
4.29    -21.8740       
4.30    -22.0058       
4.31    -22.1380       
4.32    -22.2706       
4.33    -22.4036       
4.34    -22.5371       
4.35    -22.6709       
4.36    -22.8051       
4.37    -22.9397       
4.38    -23.0747       
4.39    -23.2101       
4.40    -23.3459       
4.41    -23.4821       
4.42    -23.6187       
4.43    -23.7557       
4.44    -23.8931       
4.45    -24.0309       
4.46    -24.1691       
4.47    -24.3077       
4.48    -24.4467       
4.49    -24.5861       
4.50    -24.7259       
4.51    -24.8661       
4.52    -25.0067       
4.53    -25.1477       
4.54    -25.2891       
4.55    -25.4309       
4.56    -25.5731       
4.57    -25.7157       
4.58    -25.8587       
4.59    -26.0021       
4.60    -26.1459       
4.61    -26.2901       
4.62    -26.4347       
4.63    -26.5798       
4.64    -26.7252       
4.65    -26.8710       
4.66    -27.0172       
4.67    -27.1638       
4.68    -27.3108       
4.69    -27.4582       
4.70    -27.6060       
4.71    -27.7542       
4.72    -27.9028       
4.73    -28.0518       
4.74    -28.2012       
4.75    -28.3510       
4.76    -28.5012       
4.77    -28.6518       
4.78    -28.8028       
4.79    -28.9542       
4.80    -29.1060       
4.81    -29.2582       
4.82    -29.4108       
4.83    -29.5638       
4.84    -29.7172       
4.85    -29.8710       
4.86    -30.0252       
4.87    -30.1798       
4.88    -30.3349       
4.89    -30.4903       
4.90    -30.6461       
4.91    -30.8023       
4.92    -30.9589       
4.93    -31.1159       
4.94    -31.2733       
4.95    -31.4311       
4.96    -31.5893       
4.97    -31.7479       
4.98    -31.9069       
4.99    -32.0663       
